0,0.891813,-0.994526,0,2.95674
0.001,0.891834,-0.99432,-0.00928889,2.95728
0.002,0.891898,-0.993699,-0.0185794,2.95834
0.003,0.892004,-0.992666,-0.0278733,2.95994
0.004,0.892152,-0.99122,-0.0371723,2.96206
0.005,0.892343,-0.989362,-0.0464779,2.96473
0.006,0.892576,-0.987093,-0.0557918,2.96792
0.007,0.892852,-0.984413,-0.0651158,2.97165
0.008,0.893169,-0.981325,-0.0744515,2.97591
0.009,0.893529,-0.97783,-0.0838006,2.9807
0.01,0.89393,-0.973929,-0.0931647,2.98603
0.011,0.894373,-0.969624,-0.102546,2.99189
0.012,0.894858,-0.964918,-0.111945,2.99829
0.013,0.895384,-0.959813,-0.121364,3.00523
0.014,0.895951,-0.95431,-0.130806,3.0127
0.015,0.89656,-0.948414,-0.14027,3.02071
0.016,0.897209,-0.942127,-0.14976,3.02926
0.017,0.897899,-0.935451,-0.159277,3.03834
0.018,0.898629,-0.928392,-0.168822,3.04797
0.019,0.899399,-0.920951,-0.178397,3.05813
0.02,0.900209,-0.913134,-0.188005,3.06884
0.021,0.901058,-0.904943,-0.197646,3.08008
0.022,0.901946,-0.896385,-0.207322,3.09187
0.023,0.902873,-0.887463,-0.217036,3.1042
0.024,0.903839,-0.878181,-0.226788,3.11707
0.025,0.904842,-0.868546,-0.23658,3.13048
0.026,0.905882,-0.858563,-0.246415,3.14444
0.027,0.90696,-0.848238,-0.256294,3.15894
0.028,0.908074,-0.837575,-0.266218,3.17398
0.029,0.909224,-0.826583,-0.276189,3.18957
0.03,0.910409,-0.815267,-0.286209,3.20569
0.031,0.911629,-0.803634,-0.29628,3.22236
0.032,0.912884,-0.791692,-0.306404,3.23957
0.033,0.914171,-0.779447,-0.316581,3.25732
0.034,0.915492,-0.766909,-0.326814,3.27561
0.035,0.916845,-0.754084,-0.337105,3.29443
0.036,0.918229,-0.740982,-0.347455,3.31379
0.037,0.919643,-0.727612,-0.357865,3.33369
0.038,0.921088,-0.713982,-0.368338,3.35412
0.039,0.922561,-0.700102,-0.378876,3.37507
0.04,0.924061,-0.685983,-0.389479,3.39655
0.041,0.925589,-0.671634,-0.400149,3.41855
0.042,0.927143,-0.657067,-0.410889,3.44108
0.043,0.928721,-0.642292,-0.4217,3.46411
0.044,0.930323,-0.627321,-0.432582,3.48766
0.045,0.931948,-0.612166,-0.443539,3.5117
0.046,0.933594,-0.596839,-0.454571,3.53625
0.047,0.93526,-0.581353,-0.465681,3.56129
0.048,0.936945,-0.565722,-0.476869,3.58681
0.049,0.938647,-0.549958,-0.488137,3.61281
0.05,0.940364,-0.534076,-0.499487,3.63928
0.051,0.942097,-0.51809,-0.510921,3.66621
0.052,0.943842,-0.502016,-0.522438,3.69359
0.053,0.945598,-0.485868,-0.534042,3.72141
0.054,0.947364,-0.469663,-0.545733,3.74965
0.055,0.949138,-0.453417,-0.557513,3.77832
0.056,0.950917,-0.437146,-0.569383,3.80738
0.057,0.952701,-0.420868,-0.581344,3.83684
0.058,0.954487,-0.4046,-0.593398,3.86667
0.059,0.956273,-0.38836,-0.605545,3.89685
0.06,0.958058,-0.372166,-0.617788,3.92738
0.061,0.959838,-0.356039,-0.630126,3.95824
0.062,0.961613,-0.339996,-0.642561,3.9894
0.063,0.963379,-0.324058,-0.655094,4.02085
0.064,0.965134,-0.308245,-0.667726,4.05256
0.065,0.966877,-0.292577,-0.680458,4.08452
0.066,0.968604,-0.277075,-0.69329,4.1167
0.067,0.970313,-0.261761,-0.706223,4.14907
0.068,0.972002,-0.246656,-0.719257,4.18162
0.069,0.973668,-0.231781,-0.732394,4.21431
0.07,0.975308,-0.21716,-0.745634,4.24713
0.071,0.976921,-0.202814,-0.758977,4.28003
0.072,0.978502,-0.188767,-0.772423,4.313
0.073,0.980049,-0.175041,-0.785972,4.34599
0.074,0.98156,-0.161659,-0.799626,4.37899
0.075,0.983032,-0.148645,-0.813383,4.41196
0.076,0.984462,-0.136022,-0.827243,4.44487
0.077,0.985847,-0.123813,-0.841207,4.47767
0.078,0.987184,-0.112042,-0.855274,4.51034
0.079,0.98847,-0.100732,-0.869444,4.54285
0.08,0.989702,-0.0899068,-0.883716,4.57515
0.081,0.990879,-0.0795896,-0.898089,4.60721
0.082,0.991996,-0.0698033,-0.912563,4.63899
0.083,0.993051,-0.0605709,-0.927137,4.67046
0.084,0.994041,-0.051915,-0.941809,4.70158
0.085,0.994963,-0.0438577,-0.95658,4.7323
0.086,0.995816,-0.0364209,-0.971447,4.7626
0.087,0.996595,-0.029626,-0.986409,4.79244
0.088,0.997299,-0.0234938,-1.00146,4.82177
0.089,0.997925,-0.0180446,-1.01661,4.85056
0.09,0.99847,-0.0132981,-1.03185,4.87877
0.091,0.998933,-0.00927289,-1.04718,4.90637
0.092,0.999311,-0.0059872,-1.06259,4.93333
0.093,0.999602,-0.00345817,-1.07809,4.9596
0.094,0.999804,-0.00170202,-1.09367,4.98516
0.095,0.999916,-0.000733978,-1.10933,5.00997
0.096,0.999935,-0.000568165,-1.12507,5.03401
0.097,0.99986,-0.00121756,-1.14089,5.05724
0.098,0.99969,-0.0026939,-1.15678,5.07964
0.099,0.999424,-0.00500763,-1.17273,5.10119
0.1,0.99906,-0.00816786,-1.18876,5.12186
0.101,0.998598,-0.0121822,-1.20485,5.14163
0.102,0.998038,-0.0170569,-1.221,5.16049
0.103,0.997379,-0.0227966,-1.23721,5.17843
0.104,0.99662,-0.0294042,-1.25348,5.19542
0.105,0.995763,-0.0368811,-1.26981,5.21146
0.106,0.994807,-0.045227,-1.28618,5.22655
0.107,0.993752,-0.0544397,-1.3026,5.24068
0.108,0.9926,-0.0645153,-1.31906,5.25386
0.109,0.991351,-0.075448,-1.33557,5.26609
0.11,0.990008,-0.0872302,-1.35211,5.27737
0.111,0.98857,-0.0998522,-1.36869,5.28773
0.112,0.98704,-0.113302,-1.3853,5.29716
0.113,0.985421,-0.127568,-1.40194,5.30571
0.114,0.983713,-0.142632,-1.41861,5.31338
0.115,0.98192,-0.158478,-1.4353,5.3202
0.116,0.980044,-0.175086,-1.45202,5.32621
0.117,0.978089,-0.192436,-1.46875,5.33145
0.118,0.976056,-0.210502,-1.4855,5.33594
0.119,0.973951,-0.229259,-1.50226,5.33974
0.12,0.971776,-0.24868,-1.51904,5.34289
0.121,0.969534,-0.268735,-1.53582,5.34545
0.122,0.967231,-0.289393,-1.55262,5.34746
0.123,0.964871,-0.310619,-1.56942,5.349
0.124,0.962457,-0.332377,-1.58622,5.35011
0.125,0.959994,-0.354631,-1.60303,5.35088
0.126,0.957487,-0.37734,-1.61984,5.35138
0.127,0.954942,-0.400462,-1.63665,5.35167
0.128,0.952363,-0.423954,-1.65346,5.35185
0.129,0.949755,-0.447771,-1.67028,5.352
0.13,0.947124,-0.471865,-1.68709,5.3522
0.131,0.944475,-0.496187,-1.70391,5.35255
0.132,0.941815,-0.520685,-1.72072,5.35316
0.133,0.939149,-0.545307,-1.73754,5.35411
0.134,0.936483,-0.569998,-1.75436,5.35553
0.135,0.933824,-0.5947,-1.77118,5.35753
0.136,0.931177,-0.619357,-1.78802,5.36022
0.137,0.928549,-0.643907,-1.80485,5.36373
0.138,0.925946,-0.668289,-1.82171,5.3682
0.139,0.923375,-0.692438,-1.83857,5.37375
0.14,0.920843,-0.71629,-1.85545,5.38053
0.141,0.918356,-0.739777,-1.87236,5.3887
0.142,0.915922,-0.762829,-1.88928,5.39841
0.143,0.913548,-0.785376,-1.90624,5.40983
0.144,0.91124,-0.807345,-1.92324,5.42314
0.145,0.909006,-0.828662,-1.94028,5.43853
0.146,0.906854,-0.84925,-1.95736,5.45619
0.147,0.904791,-0.869031,-1.9745,5.47633
0.148,0.902825,-0.887926,-1.99171,5.49919
0.149,0.900964,-0.905853,-2.00898,5.52499
0.15,0.899215,-0.922727,-2.02634,5.55399
0.151,0.897587,-0.938464,-2.04379,5.58646
0.152,0.896089,-0.952977,-2.06134,5.6227
0.153,0.894728,-0.966175,-2.079,5.66301
0.154,0.893514,-0.977969,-2.0968,5.70773
0.155,0.892456,-0.988267,-2.11473,5.75723
0.156,0.891562,-0.996972,-2.13281,5.81189
0.157,0.890841,-1.00399,-2.15107,5.87213
0.158,0.890305,-1.00923,-2.16952,5.93842
0.159,0.889961,-1.01258,-2.18818,6.01124
0.16,0.889821,-1.01395,-2.20706,6.09114
0.161,0.889894,-1.01324,-2.2262,6.1787
0.162,0.89019,-1.01035,-2.24561,6.27456
0.163,0.890721,-1.00517,-2.26532,6.37941
0.164,0.891496,-0.997614,-2.28536,6.49401
0.165,0.892526,-0.987578,-2.30576,6.6192
0.166,0.893823,-0.974969,-2.32656,6.75587
0.167,0.895396,-0.959695,-2.34778,6.90501
0.168,0.897256,-0.941669,-2.36948,7.06771
0.169,0.899413,-0.920812,-2.39168,7.24514
0.17,0.901877,-0.897055,-2.41444,7.43859
0.171,0.904655,-0.870339,-2.43781,7.64946
0.172,0.907756,-0.84062,-2.46184,7.87927
0.173,0.911184,-0.807875,-2.48659,8.12967
0.174,0.914945,-0.772102,-2.51213,8.40244
0.175,0.919038,-0.73333,-2.53853,8.69948
0.176,0.923462,-0.691624,-2.56586,9.02285
0.177,0.928208,-0.647092,-2.59421,9.37467
0.178,0.933265,-0.599899,-2.62366,9.7572
0.179,0.938613,-0.550272,-2.65431,10.1727
0.18,0.944222,-0.498521,-2.68627,10.6236
0.181,0.950052,-0.44505,-2.71965,11.1119
0.182,0.956051,-0.390379,-2.75455,11.6398
0.183,0.962148,-0.335161,-2.79112,12.2089
0.184,0.968254,-0.280211,-2.82948,12.8205
0.185,0.974257,-0.226529,-2.86975,13.4748
0.186,0.980017,-0.175329,-2.91209,14.1713
0.187,0.985364,-0.128068,-2.95661,14.9077
0.188,0.990094,-0.0864746,-3.00344,15.68
0.189,0.993966,-0.0525682,-3.0527,16.4816
0.19,0.996704,-0.028678,-3.10448,17.3034
0.191,0.997994,-0.017443,-3.15884,18.1328
0.192,0.997494,-0.0217957,-3.21581,18.9537
0.193,0.994842,-0.0449193,-3.27535,19.7467
0.194,0.989672,-0.0901752,-3.33739,20.4892
0.195,0.981636,-0.160995,-3.40176,21.1568
0.196,0.970427,-0.260739,-3.46822,21.724
0.197,0.955815,-0.392527,-3.53647,22.1668
0.198,0.937664,-0.55906,-3.60611,22.4646
0.199,0.915964,-0.762434,-3.67668,22.6022
0.2,0.890841,-1.004,-3.74769,22.5718
0.201,0.862555,-1.28426,-3.8186,22.3736
0.202,0.831492,-1.60284,-3.88889,22.0161
0.203,0.798132,-1.95851,-3.95805,21.5148
0.204,0.763017,-2.34931,-4.02565,20.8907
0.205,0.726716,-2.77271,-4.09128,20.1679
0.206,0.689784,-3.22574,-4.15464,19.3718
0.207,0.652737,-3.70523,-4.21549,18.5269
0.208,0.616031,-4.20795,-4.2737,17.6555
0.209,0.580046,-4.73075,-4.32916,16.7768
0.21,0.545087,-5.27068,-4.38187,15.9066
0.211,0.511385,-5.82504,-4.43184,15.0572
0.212,0.479103,-6.39143,-4.47915,14.2377
0.213,0.448343,-6.96779,-4.52387,13.4543
0.214,0.419162,-7.55236,-4.56614,12.711
0.215,0.391575,-8.1437,-4.60607,12.0098
0.216,0.365568,-8.74063,-4.6438,11.3514
0.217,0.341104,-9.34225,-4.67947,10.7352
0.218,0.318131,-9.94788,-4.71319,10.1601
0.219,0.296585,-10.557,-4.74511,9.62438
0.22,0.276395,-11.1694,-4.77535,9.12592
0.221,0.257488,-11.7849,-4.80402,8.66252
0.222,0.239788,-12.4034,-4.83123,8.23189
0.223,0.223223,-13.0252,-4.85709,7.83172
0.224,0.20772,-13.6505,-4.8817,7.45979
0.225,0.193208,-14.2795,-4.90513,7.11396
0.226,0.179623,-14.9128,-4.92748,6.7922
0.227,0.1669,-15.5509,-4.94882,6.49262
0.228,0.154982,-16.1944,-4.96922,6.21346
0.229,0.143814,-16.844,-4.98874,5.95307
0.23,0.133342,-17.5006,-5.00744,5.70995
0.231,0.123521,-18.1652,-5.02538,5.48272
0.232,0.114304,-18.8388,-5.0426,5.27011
0.233,0.105652,-19.5225,-5.05916,5.07095
0.234,0.0975243,-20.2177,-5.07509,4.88418
0.235,0.089887,-20.9261,-5.09043,4.70883
0.236,0.0827069,-21.6492,-5.10523,4.54402
0.237,0.0759535,-22.389,-5.1195,4.38893
0.238,0.0695988,-23.148,-5.13329,4.24283
0.239,0.0636165,-23.9286,-5.14662,4.10504
0.24,0.0579827,-24.734,-5.15952,3.97494
0.241,0.052675,-25.5679,-5.172,3.85198
0.242,0.0476727,-26.4346,-5.1841,3.73563
0.243,0.0429565,-27.3394,-5.19584,3.62543
0.244,0.0385088,-28.2888,-5.20723,3.52093
0.245,0.0343129,-29.2909,-5.21829,3.42175
0.246,0.0303534,-30.3558,-5.22904,3.32753
0.247,0.0266162,-31.4971,-5.23949,3.23792
0.248,0.023088,-32.7323,-5.24967,3.15262
0.249,0.0197563,-34.0859,-5.25957,3.07135
0.25,0.0166097,-35.5928,-5.26922,2.99385
0.251,0.0136374,-37.3054,-5.27863,2.91988
0.252,0.0108295,-39.3079,-5.2878,2.84922
0.253,0.00817651,-41.7486,-5.29675,2.78165
0.254,0.00566983,-44.9286,-5.30549,2.71701
0.255,0.00330125,-49.6264,-5.31402,2.6551
0.256,0.00106314,-59.4682,-5.32237,2.59577
0.257,0.00105165,-59.5626,-5.33052,2.53886
0.258,0.00304981,-50.3145,-5.3385,2.48425
0.259,0.00493761,-46.1297,-5.3463,2.43179
0.26,0.00672095,-43.4514,-5.35394,2.38137
0.261,0.00840535,-41.5089,-5.36142,2.33288
0.262,0.00999599,-40.0035,-5.36875,2.28621
0.263,0.0114978,-38.7877,-5.37593,2.24126
0.264,0.0129153,-37.7779,-5.38297,2.19795
0.265,0.0142528,-36.922,-5.38988,2.15618
0.266,0.0155144,-36.1853,-5.39665,2.11589
0.267,0.016704,-35.5436,-5.4033,2.07699
0.268,0.0178251,-34.9794,-5.40983,2.03941
0.269,0.0188811,-34.4794,-5.41623,2.0031
0.27,0.0198754,-34.0337,-5.42253,1.96799
0.271,0.0208108,-33.6342,-5.42871,1.93402
0.272,0.0216903,-33.2747,-5.43478,1.90114
0.273,0.0225167,-32.9499,-5.44076,1.8693
0.274,0.0232923,-32.6557,-5.44663,1.83844
0.275,0.0240198,-32.3886,-5.4524,1.80854
0.276,0.0247013,-32.1456,-5.45809,1.77954
0.277,0.0253391,-31.9242,-5.46368,1.7514
0.278,0.0259352,-31.7222,-5.46918,1.72408
0.279,0.0264916,-31.5378,-5.4746,1.69756
0.28,0.0270101,-31.3695,-5.47993,1.6718
0.281,0.0274926,-31.2157,-5.48518,1.64676
0.282,0.0279406,-31.0753,-5.49035,1.62242
0.283,0.0283557,-30.9472,-5.49545,1.59874
0.284,0.0287396,-30.8304,-5.50047,1.57571
0.285,0.0290935,-30.7241,-5.50542,1.55329
0.286,0.0294189,-30.6275,-5.5103,1.53146
0.287,0.029717,-30.5399,-5.51511,1.5102
0.288,0.0299892,-30.4607,-5.51986,1.48948
0.289,0.0302365,-30.3894,-5.52454,1.4693
0.29,0.0304601,-30.3254,-5.52915,1.44961
0.291,0.030661,-30.2683,-5.53371,1.43042
0.292,0.0308403,-30.2176,-5.5382,1.41169
0.293,0.030999,-30.1731,-5.54264,1.39342
0.294,0.0311379,-30.1342,-5.54702,1.37558
0.295,0.0312579,-30.1008,-5.55134,1.35816
0.296,0.0313599,-30.0725,-5.5556,1.34115
0.297,0.0314447,-30.049,-5.55982,1.32453
0.298,0.0315131,-30.0302,-5.56398,1.30829
0.299,0.0315657,-30.0157,-5.56809,1.29242
0.3,0.0316032,-30.0054,-5.57215,1.2769
0.301,0.0316264,-29.999,-5.57616,1.26173
0.302,0.0316359,-29.9964,-5.58012,1.24688
0.303,0.0316323,-29.9974,-5.58404,1.23235
0.304,0.0316161,-30.0018,-5.58791,1.21814
0.305,0.031588,-30.0096,-5.59174,1.20422
0.306,0.0315484,-30.0205,-5.59552,1.1906
0.307,0.0314979,-30.0344,-5.59926,1.17726
0.308,0.0314369,-30.0512,-5.60296,1.16419
0.309,0.0313659,-30.0708,-5.60662,1.15139
0.31,0.0312854,-30.0932,-5.61024,1.13884
0.311,0.0311958,-30.1181,-5.61381,1.12654
0.312,0.0310975,-30.1455,-5.61735,1.11449
0.313,0.0309909,-30.1753,-5.62085,1.10267
0.314,0.0308764,-30.2075,-5.62432,1.09108
0.315,0.0307543,-30.2419,-5.62775,1.07971
0.316,0.0306249,-30.2785,-5.63114,1.06856
0.317,0.0304887,-30.3172,-5.63449,1.05761
0.318,0.0303459,-30.358,-5.63782,1.04687
0.319,0.0301968,-30.4008,-5.64111,1.03633
0.32,0.0300418,-30.4455,-5.64436,1.02598
0.321,0.029881,-30.4921,-5.64759,1.01582
0.322,0.0297149,-30.5405,-5.65078,1.00584
0.323,0.0295435,-30.5908,-5.65394,0.996041
0.324,0.0293672,-30.6427,-5.65707,0.986413
0.325,0.0291863,-30.6964,-5.66016,0.976954
0.326,0.0290009,-30.7518,-5.66323,0.967658
0.327,0.0288112,-30.8088,-5.66627,0.958523
0.328,0.0286176,-30.8674,-5.66929,0.949544
0.329,0.02842,-30.9275,-5.67227,0.940717
0.33,0.0282189,-30.9892,-5.67522,0.932039
0.331,0.0280143,-31.0524,-5.67815,0.923505
0.332,0.0278065,-31.1171,-5.68105,0.915112
0.333,0.0275955,-31.1832,-5.68393,0.906857
0.334,0.0273817,-31.2508,-5.68678,0.898736
0.335,0.027165,-31.3198,-5.6896,0.890747
0.336,0.0269457,-31.3902,-5.6924,0.882886
0.337,0.026724,-31.462,-5.69517,0.87515
0.338,0.0264999,-31.5351,-5.69792,0.867536
0.339,0.0262737,-31.6096,-5.70065,0.860041
0.34,0.0260453,-31.6854,-5.70335,0.852663
0.341,0.025815,-31.7625,-5.70603,0.845399
0.342,0.0255829,-31.841,-5.70868,0.838247
0.343,0.0253491,-31.9207,-5.71132,0.831204
0.344,0.0251137,-32.0018,-5.71393,0.824267
0.345,0.0248768,-32.0841,-5.71652,0.817434
0.346,0.0246385,-32.1677,-5.71909,0.810703
0.347,0.024399,-32.2526,-5.72163,0.804072
0.348,0.0241582,-32.3387,-5.72416,0.797539
0.349,0.0239163,-32.4261,-5.72666,0.791101
0.35,0.0236735,-32.5148,-5.72915,0.784756
0.351,0.0234297,-32.6047,-5.73162,0.778503
0.352,0.023185,-32.6959,-5.73406,0.77234
0.353,0.0229396,-32.7883,-5.73649,0.766264
0.354,0.0226934,-32.882,-5.73889,0.760274
0.355,0.0224467,-32.977,-5.74128,0.754369
0.356,0.0221994,-33.0732,-5.74365,0.748546
0.357,0.0219516,-33.1707,-5.746,0.742803
0.358,0.0217034,-33.2695,-5.74834,0.73714
0.359,0.0214548,-33.3695,-5.75065,0.731555
0.36,0.0212059,-33.4709,-5.75295,0.726045
0.361,0.0209567,-33.5735,-5.75523,0.72061
0.362,0.0207074,-33.6775,-5.7575,0.715248
0.363,0.0204579,-33.7828,-5.75974,0.709958
0.364,0.0202083,-33.8894,-5.76197,0.704739
0.365,0.0199587,-33.9973,-5.76419,0.699588
0.366,0.0197091,-34.1067,-5.76639,0.694505
0.367,0.0194596,-34.2173,-5.76857,0.689488
0.368,0.0192101,-34.3294,-5.77073,0.684537
0.369,0.0189608,-34.4429,-5.77288,0.679649
0.37,0.0187116,-34.5578,-5.77502,0.674824
0.371,0.0184626,-34.6741,-5.77714,0.670061
0.372,0.0182139,-34.7919,-5.77924,0.665358
0.373,0.0179655,-34.9112,-5.78134,0.660715
0.374,0.0177174,-35.032,-5.78341,0.65613
0.375,0.0174696,-35.1543,-5.78547,0.651602
0.376,0.0172222,-35.2782,-5.78752,0.647131
0.377,0.0169752,-35.4037,-5.78955,0.642715
0.378,0.0167287,-35.5308,-5.79157,0.638353
0.379,0.0164826,-35.6595,-5.79358,0.634044
0.38,0.016237,-35.7899,-5.79557,0.629788
0.381,0.0159919,-35.922,-5.79755,0.625583
0.382,0.0157473,-36.0559,-5.79951,0.621429
0.383,0.0155033,-36.1915,-5.80146,0.617325
0.384,0.0152599,-36.329,-5.8034,0.613269
0.385,0.0150171,-36.4683,-5.80533,0.609262
0.386,0.0147749,-36.6095,-5.80725,0.605301
0.387,0.0145334,-36.7527,-5.80915,0.601388
0.388,0.0142925,-36.8978,-5.81104,0.59752
0.389,0.0140523,-37.0451,-5.81291,0.593697
0.39,0.0138128,-37.1944,-5.81478,0.589918
0.391,0.013574,-37.3459,-5.81663,0.586182
0.392,0.0133359,-37.4996,-5.81847,0.58249
0.393,0.0130985,-37.6555,-5.8203,0.578839
0.394,0.0128619,-37.8139,-5.82212,0.57523
0.395,0.0126261,-37.9746,-5.82393,0.571662
0.396,0.0123911,-38.1378,-5.82572,0.568133
0.397,0.0121568,-38.3036,-5.82751,0.564644
0.398,0.0119234,-38.472,-5.82928,0.561194
0.399,0.0116907,-38.6432,-5.83105,0.557783
0.4,0.0114589,-38.8171,-5.8328,0.554408
0.401,0.011228,-38.994,-5.83454,0.551071
0.402,0.0109978,-39.1739,-5.83627,0.547771
0.403,0.0107685,-39.3569,-5.83799,0.544506
0.404,0.0105401,-39.5431,-5.8397,0.541277
0.405,0.0103125,-39.7327,-5.8414,0.538082
0.406,0.0100858,-39.9258,-5.84309,0.534922
0.407,0.00986003,-40.1224,-5.84477,0.531795
0.408,0.00963511,-40.3229,-5.84645,0.528702
0.409,0.00941108,-40.5272,-5.84811,0.525642
0.41,0.00918794,-40.7356,-5.84976,0.522613
0.411,0.00896571,-40.9483,-5.8514,0.519617
0.412,0.00874439,-41.1654,-5.85303,0.516652
0.413,0.00852398,-41.3872,-5.85465,0.513718
0.414,0.00830449,-41.6137,-5.85627,0.510814
0.415,0.00808591,-41.8454,-5.85787,0.507941
0.416,0.00786827,-42.0824,-5.85947,0.505097
0.417,0.00765155,-42.325,-5.86106,0.502282
0.418,0.00743575,-42.5735,-5.86263,0.499496
0.419,0.0072209,-42.8282,-5.8642,0.496738
0.42,0.00700698,-43.0894,-5.86576,0.494008
0.421,0.00679399,-43.3575,-5.86732,0.491305
0.422,0.00658195,-43.6329,-5.86886,0.48863
0.423,0.00637084,-43.9161,-5.87039,0.485981
0.424,0.00616068,-44.2074,-5.87192,0.483359
0.425,0.00595146,-44.5075,-5.87344,0.480763
0.426,0.00574319,-44.8169,-5.87495,0.478193
0.427,0.00553586,-45.1363,-5.87645,0.475648
0.428,0.00532948,-45.4663,-5.87795,0.473127
0.429,0.00512405,-45.8077,-5.87943,0.470632
0.43,0.00491956,-46.1615,-5.88091,0.468161
0.431,0.00471602,-46.5285,-5.88238,0.465713
0.432,0.00451342,-46.9099,-5.88385,0.46329
0.433,0.00431178,-47.3069,-5.8853,0.460889
0.434,0.00411107,-47.7209,-5.88675,0.458512
0.435,0.00391132,-48.1535,-5.88819,0.456157
0.436,0.0037125,-48.6067,-5.88962,0.453825
0.437,0.00351463,-49.0824,-5.89105,0.451515
0.438,0.00331771,-49.5832,-5.89247,0.449227
0.439,0.00312172,-50.1121,-5.89388,0.44696
0.44,0.00292667,-50.6725,-5.89528,0.444715
0.441,0.00273257,-51.2686,-5.89668,0.44249
0.442,0.0025394,-51.9054,-5.89807,0.440287
0.443,0.00234716,-52.5891,-5.89945,0.438103
0.444,0.00215586,-53.3276,-5.90083,0.43594
0.445,0.00196549,-54.1306,-5.9022,0.433797
0.446,0.00177605,-55.0109,-5.90356,0.431674
0.447,0.00158753,-55.9855,-5.90492,0.42957
0.448,0.00139995,-57.0778,-5.90627,0.427485
0.449,0.00121328,-58.3208,-5.90761,0.425419
0.45,0.00102754,-59.764,-5.90895,0.423372
0.451,0.000842714,-61.4864,-5.91028,0.421343
0.452,0.000658804,-63.6249,-5.9116,0.419333
0.453,0.000475809,-66.4514,-5.91292,0.417341
0.454,0.000293724,-70.6412,-5.91423,0.415366
0.455,0.000112547,-78.9733,-5.91553,0.413409
0.456,6.77245e-05,-83.3851,-5.91683,0.411469
0.457,0.000247094,-72.1428,-5.91812,0.409547
0.458,0.000425563,-67.4207,-5.91941,0.407642
0.459,0.000603136,-64.3917,-5.92069,0.405753
0.46,0.000779815,-62.1602,-5.92197,0.403881
0.461,0.000955603,-60.3944,-5.92324,0.402025
0.462,0.0011305,-58.9346,-5.9245,0.400185
0.463,0.00130452,-57.691,-5.92576,0.398362
0.464,0.00147766,-56.6085,-5.92701,0.396554
0.465,0.00164991,-55.6508,-5.92825,0.394762
0.466,0.0018213,-54.7924,-5.92949,0.392985
0.467,0.00199181,-54.0151,-5.93073,0.391223
0.468,0.00216145,-53.3051,-5.93196,0.389476
0.469,0.00233023,-52.652,-5.93318,0.387745
0.47,0.00249814,-52.0476,-5.9344,0.386028
0.471,0.0026652,-51.4854,-5.93561,0.384325
0.472,0.00283141,-50.9599,-5.93682,0.382637
0.473,0.00299676,-50.467,-5.93802,0.380963
0.474,0.00316127,-50.0028,-5.93922,0.379304
0.475,0.00332493,-49.5643,-5.94041,0.377658
0.476,0.00348775,-49.1491,-5.9416,0.376026
0.477,0.00364974,-48.7548,-5.94278,0.374407
0.478,0.00381089,-48.3795,-5.94395,0.372802
0.479,0.00397121,-48.0215,-5.94512,0.37121
0.48,0.00413071,-47.6795,-5.94629,0.369631
0.481,0.00428938,-47.3521,-5.94745,0.368065
0.482,0.00444724,-47.0382,-5.94861,0.366512
0.483,0.00460428,-46.7368,-5.94976,0.364972
0.484,0.0047605,-46.4469,-5.95091,0.363444
0.485,0.00491593,-46.1679,-5.95205,0.361929
0.486,0.00507054,-45.8989,-5.95319,0.360426
0.487,0.00522436,-45.6393,-5.95432,0.358935
0.488,0.00537738,-45.3886,-5.95545,0.357456
0.489,0.00552961,-45.1461,-5.95657,0.355989
0.49,0.00568105,-44.9114,-5.95769,0.354534
0.491,0.0058317,-44.6841,-5.9588,0.353091
0.492,0.00598157,-44.4637,-5.95991,0.351659
0.493,0.00613066,-44.2498,-5.96101,0.350238
0.494,0.00627898,-44.0422,-5.96211,0.348829
0.495,0.00642653,-43.8405,-5.96321,0.34743
0.496,0.00657332,-43.6443,-5.9643,0.346043
0.497,0.00671933,-43.4535,-5.96539,0.344667
0.498,0.0068646,-43.2677,-5.96647,0.343301
0.499,0.0070091,-43.0868,-5.96755,0.341946
0.5,0.00715285,-42.9104,-5.96862,0.340602
0.501,0.00729586,-42.7385,-5.96969,0.339268
0.502,0.00743812,-42.5707,-5.97076,0.337945
0.503,0.00757964,-42.407,-5.97182,0.336632
0.504,0.00772042,-42.2472,-5.97288,0.335329
0.505,0.00786047,-42.091,-5.97393,0.334036
0.506,0.00799979,-41.9384,-5.97498,0.332752
0.507,0.00813839,-41.7892,-5.97603,0.331479
0.508,0.00827626,-41.6433,-5.97707,0.330216
0.509,0.00841341,-41.5006,-5.97811,0.328962
0.51,0.00854985,-41.3608,-5.97914,0.327717
0.511,0.00868558,-41.224,-5.98017,0.326483
0.512,0.0088206,-41.09,-5.9812,0.325257
0.513,0.00895492,-40.9588,-5.98222,0.324041
0.514,0.00908854,-40.8301,-5.98324,0.322834
0.515,0.00922146,-40.704,-5.98425,0.321635
0.516,0.00935368,-40.5803,-5.98526,0.320446
0.517,0.00948522,-40.459,-5.98627,0.319266
0.518,0.00961608,-40.34,-5.98727,0.318095
0.519,0.00974625,-40.2233,-5.98827,0.316932
0.52,0.00987574,-40.1086,-5.98926,0.315778
0.521,0.0100046,-39.996,-5.99026,0.314633
0.522,0.0101327,-39.8855,-5.99125,0.313496
0.523,0.0102602,-39.7769,-5.99223,0.312367
0.524,0.010387,-39.6702,-5.99321,0.311247
0.525,0.0105131,-39.5653,-5.99419,0.310135
0.526,0.0106386,-39.4623,-5.99516,0.309031
0.527,0.0107635,-39.3609,-5.99613,0.307935
0.528,0.0108877,-39.2613,-5.9971,0.306847
0.529,0.0110112,-39.1633,-5.99807,0.305767
0.53,0.0111341,-39.0669,-5.99903,0.304695
0.531,0.0112564,-38.972,-5.99998,0.30363
0.532,0.011378,-38.8787,-6.00094,0.302574
0.533,0.011499,-38.7868,-6.00189,0.301524
0.534,0.0116194,-38.6964,-6.00284,0.300483
0.535,0.0117391,-38.6073,-6.00378,0.299449
0.536,0.0118582,-38.5196,-6.00472,0.298422
0.537,0.0119767,-38.4333,-6.00566,0.297403
0.538,0.0120946,-38.3482,-6.00659,0.296391
0.539,0.0122118,-38.2644,-6.00752,0.295386
0.54,0.0123285,-38.1818,-6.00845,0.294388
0.541,0.0124445,-38.1004,-6.00938,0.293398
0.542,0.01256,-38.0202,-6.0103,0.292414
0.543,0.0126748,-37.9412,-6.01122,0.291437
0.544,0.012789,-37.8632,-6.01213,0.290468
0.545,0.0129027,-37.7864,-6.01304,0.289505
0.546,0.0130158,-37.7106,-6.01395,0.288548
0.547,0.0131282,-37.6359,-6.01486,0.287599
0.548,0.0132401,-37.5622,-6.01576,0.286656
0.549,0.0133514,-37.4894,-6.01666,0.28572
0.55,0.0134622,-37.4177,-6.01756,0.28479
0.551,0.0135723,-37.3469,-6.01846,0.283866
0.552,0.0136819,-37.2771,-6.01935,0.282949
0.553,0.0137909,-37.2081,-6.02024,0.282039
0.554,0.0138994,-37.1401,-6.02112,0.281134
0.555,0.0140073,-37.0729,-6.02201,0.280236
0.556,0.0141146,-37.0066,-6.02289,0.279344
0.557,0.0142214,-36.9412,-6.02376,0.278459
0.558,0.0143276,-36.8765,-6.02464,0.277579
0.559,0.0144332,-36.8127,-6.02551,0.276705
0.56,0.0145384,-36.7497,-6.02638,0.275837
0.561,0.0146429,-36.6874,-6.02725,0.274976
0.562,0.014747,-36.6259,-6.02811,0.27412
0.563,0.0148505,-36.5652,-6.02897,0.273269
0.564,0.0149534,-36.5052,-6.02983,0.272425
0.565,0.0150559,-36.4459,-6.03069,0.271586
0.566,0.0151578,-36.3873,-6.03154,0.270753
0.567,0.0152591,-36.3294,-6.03239,0.269926
0.568,0.01536,-36.2722,-6.03324,0.269104
0.569,0.0154603,-36.2156,-6.03408,0.268288
0.57,0.0155601,-36.1597,-6.03493,0.267477
0.571,0.0156594,-36.1045,-6.03577,0.266671
0.572,0.0157582,-36.0499,-6.0366,0.265871
0.573,0.0158565,-35.9959,-6.03744,0.265076
0.574,0.0159542,-35.9425,-6.03827,0.264287
0.575,0.0160515,-35.8897,-6.0391,0.263503
0.576,0.0161482,-35.8375,-6.03993,0.262724
0.577,0.0162445,-35.7859,-6.04076,0.26195
0.578,0.0163402,-35.7348,-6.04158,0.261181
0.579,0.0164355,-35.6843,-6.0424,0.260418
0.58,0.0165303,-35.6344,-6.04322,0.259659
0.581,0.0166246,-35.585,-6.04403,0.258905
0.582,0.0167184,-35.5361,-6.04485,0.258157
0.583,0.0168117,-35.4878,-6.04566,0.257413
0.584,0.0169045,-35.4399,-6.04647,0.256674
0.585,0.0169969,-35.3926,-6.04727,0.25594
0.586,0.0170888,-35.3458,-6.04808,0.255211
0.587,0.0171802,-35.2994,-6.04888,0.254486
0.588,0.0172711,-35.2536,-6.04968,0.253766
0.589,0.0173616,-35.2082,-6.05048,0.253051
0.59,0.0174516,-35.1633,-6.05127,0.252341
0.591,0.0175411,-35.1188,-6.05206,0.251635
0.592,0.0176302,-35.0748,-6.05285,0.250934
0.593,0.0177188,-35.0313,-6.05364,0.250237
0.594,0.017807,-34.9882,-6.05443,0.249545
0.595,0.0178947,-34.9455,-6.05521,0.248857
0.596,0.017982,-34.9032,-6.05599,0.248173
0.597,0.0180688,-34.8614,-6.05677,0.247494
0.598,0.0181552,-34.82,-6.05755,0.24682
0.599,0.0182411,-34.779,-6.05833,0.246149
0.6,0.0183266,-34.7384,-6.0591,0.245483
0.601,0.0184116,-34.6982,-6.05987,0.244821
0.602,0.0184962,-34.6583,-6.06064,0.244164
0.603,0.0185804,-34.6189,-6.06141,0.24351
0.604,0.0186641,-34.5798,-6.06217,0.242861
0.605,0.0187475,-34.5412,-6.06294,0.242216
0.606,0.0188303,-34.5028,-6.0637,0.241575
0.607,0.0189128,-34.4649,-6.06446,0.240938
0.608,0.0189948,-34.4273,-6.06521,0.240305
0.609,0.0190765,-34.39,-6.06597,0.239676
0.61,0.0191576,-34.3532,-6.06672,0.239051
0.611,0.0192384,-34.3166,-6.06747,0.23843
0.612,0.0193188,-34.2804,-6.06822,0.237813
0.613,0.0193987,-34.2445,-6.06897,0.237199
0.614,0.0194783,-34.209,-6.06971,0.23659
0.615,0.0195574,-34.1738,-6.07046,0.235984
0.616,0.0196362,-34.1389,-6.0712,0.235383
0.617,0.0197145,-34.1043,-6.07194,0.234785
0.618,0.0197924,-34.07,-6.07267,0.23419
0.619,0.0198699,-34.0361,-6.07341,0.2336
0.62,0.0199471,-34.0024,-6.07414,0.233013
0.621,0.0200238,-33.9691,-6.07488,0.232429
0.622,0.0201001,-33.936,-6.07561,0.23185
0.623,0.0201761,-33.9033,-6.07633,0.231274
0.624,0.0202516,-33.8708,-6.07706,0.230701
0.625,0.0203268,-33.8386,-6.07779,0.230132
0.626,0.0204016,-33.8067,-6.07851,0.229567
0.627,0.020476,-33.7751,-6.07923,0.229005
0.628,0.02055,-33.7438,-6.07995,0.228447
0.629,0.0206237,-33.7127,-6.08067,0.227892
0.63,0.0206969,-33.6819,-6.08138,0.22734
0.631,0.0207698,-33.6514,-6.0821,0.226792
0.632,0.0208423,-33.6211,-6.08281,0.226247
0.633,0.0209145,-33.5911,-6.08352,0.225706
0.634,0.0209862,-33.5613,-6.08423,0.225168
0.635,0.0210576,-33.5318,-6.08494,0.224633
0.636,0.0211287,-33.5026,-6.08564,0.224101
0.637,0.0211994,-33.4735,-6.08635,0.223573
0.638,0.0212697,-33.4448,-6.08705,0.223048
0.639,0.0213396,-33.4163,-6.08775,0.222526
0.64,0.0214092,-33.388,-6.08845,0.222007
0.641,0.0214785,-33.3599,-6.08915,0.221492
0.642,0.0215473,-33.3321,-6.08984,0.22098
0.643,0.0216159,-33.3045,-6.09054,0.22047
0.644,0.021684,-33.2772,-6.09123,0.219964
0.645,0.0217519,-33.2501,-6.09192,0.219461
0.646,0.0218193,-33.2232,-6.09261,0.218961
0.647,0.0218865,-33.1965,-6.0933,0.218464
0.648,0.0219533,-33.17,-6.09398,0.21797
0.649,0.0220197,-33.1438,-6.09467,0.217479
0.65,0.0220858,-33.1177,-6.09535,0.216991
0.651,0.0221516,-33.0919,-6.09603,0.216506
0.652,0.022217,-33.0663,-6.09671,0.216024
0.653,0.0222821,-33.0409,-6.09739,0.215545
0.654,0.0223468,-33.0157,-6.09807,0.215068
0.655,0.0224113,-32.9907,-6.09875,0.214595
0.656,0.0224754,-32.9659,-6.09942,0.214124
0.657,0.0225391,-32.9413,-6.10009,0.213657
0.658,0.0226026,-32.9169,-6.10076,0.213192
0.659,0.0226657,-32.8926,-6.10143,0.21273
0.66,0.0227284,-32.8686,-6.1021,0.21227
0.661,0.0227909,-32.8448,-6.10277,0.211814
0.662,0.022853,-32.8211,-6.10343,0.21136
0.663,0.0229149,-32.7977,-6.1041,0.210909
0.664,0.0229764,-32.7744,-6.10476,0.21046
0.665,0.0230375,-32.7513,-6.10542,0.210015
0.666,0.0230984,-32.7284,-6.10608,0.209572
0.667,0.0231589,-32.7056,-6.10674,0.209131
0.668,0.0232192,-32.6831,-6.1074,0.208693
0.669,0.0232791,-32.6607,-6.10805,0.208258
0.67,0.0233387,-32.6385,-6.10871,0.207826
0.671,0.023398,-32.6164,-6.10936,0.207396
0.672,0.023457,-32.5945,-6.11001,0.206968
0.673,0.0235157,-32.5728,-6.11066,0.206543
0.674,0.0235741,-32.5513,-6.11131,0.206121
0.675,0.0236322,-32.5299,-6.11196,0.205701
0.676,0.02369,-32.5087,-6.1126,0.205284
0.677,0.0237475,-32.4876,-6.11325,0.204869
0.678,0.0238047,-32.4667,-6.11389,0.204457
0.679,0.0238616,-32.446,-6.11453,0.204047
0.68,0.0239182,-32.4254,-6.11518,0.20364
0.681,0.0239745,-32.405,-6.11582,0.203235
0.682,0.0240305,-32.3847,-6.11645,0.202832
0.683,0.0240863,-32.3646,-6.11709,0.202432
0.684,0.0241417,-32.3446,-6.11773,0.202034
0.685,0.0241969,-32.3248,-6.11836,0.201639
0.686,0.0242517,-32.3052,-6.119,0.201245
0.687,0.0243063,-32.2856,-6.11963,0.200855
0.688,0.0243606,-32.2662,-6.12026,0.200466
0.689,0.0244146,-32.247,-6.12089,0.20008
0.69,0.0244683,-32.2279,-6.12152,0.199696
0.691,0.0245218,-32.209,-6.12214,0.199315
0.692,0.0245749,-32.1902,-6.12277,0.198935
0.693,0.0246278,-32.1715,-6.1234,0.198558
0.694,0.0246804,-32.1529,-6.12402,0.198184
0.695,0.0247328,-32.1345,-6.12464,0.197811
0.696,0.0247848,-32.1163,-6.12526,0.197441
0.697,0.0248366,-32.0982,-6.12588,0.197072
0.698,0.0248881,-32.0802,-6.1265,0.196706
0.699,0.0249394,-32.0623,-6.12712,0.196343
0.7,0.0249904,-32.0446,-6.12774,0.195981
0.701,0.0250411,-32.0269,-6.12835,0.195622
0.702,0.0250915,-32.0095,-6.12897,0.195264
0.703,0.0251417,-31.9921,-6.12958,0.194909
0.704,0.0251916,-31.9749,-6.13019,0.194556
0.705,0.0252412,-31.9578,-6.1308,0.194205
0.706,0.0252906,-31.9408,-6.13141,0.193856
0.707,0.0253398,-31.9239,-6.13202,0.193509
0.708,0.0253886,-31.9072,-6.13263,0.193164
0.709,0.0254372,-31.8906,-6.13324,0.192821
0.71,0.0254856,-31.8741,-6.13384,0.19248
0.711,0.0255337,-31.8577,-6.13445,0.192142
0.712,0.0255815,-31.8415,-6.13505,0.191805
0.713,0.0256291,-31.8253,-6.13566,0.19147
0.714,0.0256764,-31.8093,-6.13626,0.191138
0.715,0.0257235,-31.7934,-6.13686,0.190807
0.716,0.0257704,-31.7776,-6.13746,0.190478
0.717,0.0258169,-31.7619,-6.13806,0.190151
0.718,0.0258633,-31.7463,-6.13865,0.189826
0.719,0.0259094,-31.7309,-6.13925,0.189504
0.72,0.0259552,-31.7155,-6.13984,0.189182
0.721,0.0260008,-31.7003,-6.14044,0.188863
0.722,0.0260461,-31.6851,-6.14103,0.188546
0.723,0.0260912,-31.6701,-6.14162,0.188231
0.724,0.0261361,-31.6552,-6.14222,0.187917
0.725,0.0261807,-31.6404,-6.14281,0.187606
0.726,0.0262251,-31.6257,-6.1434,0.187296
0.727,0.0262692,-31.6111,-6.14398,0.186988
0.728,0.0263131,-31.5965,-6.14457,0.186682
0.729,0.0263568,-31.5821,-6.14516,0.186378
0.73,0.0264002,-31.5678,-6.14574,0.186076
0.731,0.0264434,-31.5536,-6.14633,0.185775
0.732,0.0264864,-31.5395,-6.14691,0.185477
0.733,0.0265291,-31.5255,-6.14749,0.18518
0.734,0.0265716,-31.5116,-6.14808,0.184884
0.735,0.0266139,-31.4978,-6.14866,0.184591
0.736,0.0266559,-31.4841,-6.14924,0.184299
0.737,0.0266977,-31.4705,-6.14982,0.184009
0.738,0.0267393,-31.457,-6.15039,0.183721
0.739,0.0267806,-31.4436,-6.15097,0.183435
0.74,0.0268217,-31.4303,-6.15155,0.18315
0.741,0.0268626,-31.417,-6.15212,0.182867
0.742,0.0269033,-31.4039,-6.1527,0.182586
0.743,0.0269438,-31.3908,-6.15327,0.182306
0.744,0.026984,-31.3779,-6.15384,0.182029
0.745,0.027024,-31.365,-6.15442,0.181752
0.746,0.0270638,-31.3522,-6.15499,0.181478
0.747,0.0271033,-31.3396,-6.15556,0.181205
0.748,0.0271426,-31.327,-6.15613,0.180934
0.749,0.0271818,-31.3144,-6.15669,0.180664
0.75,0.0272207,-31.302,-6.15726,0.180396
0.751,0.0272594,-31.2897,-6.15783,0.18013
0.752,0.0272978,-31.2774,-6.15839,0.179865
0.753,0.0273361,-31.2653,-6.15896,0.179602
0.754,0.0273741,-31.2532,-6.15952,0.179341
0.755,0.0274119,-31.2412,-6.16009,0.179081
0.756,0.0274496,-31.2293,-6.16065,0.178823
0.757,0.027487,-31.2175,-6.16121,0.178566
0.758,0.0275242,-31.2057,-6.16177,0.178311
0.759,0.0275611,-31.1941,-6.16233,0.178057
0.76,0.0275979,-31.1825,-6.16289,0.177805
0.761,0.0276345,-31.171,-6.16345,0.177555
0.762,0.0276708,-31.1596,-6.16401,0.177306
0.763,0.027707,-31.1482,-6.16457,0.177059
0.764,0.0277429,-31.137,-6.16512,0.176813
0.765,0.0277786,-31.1258,-6.16568,0.176569
0.766,0.0278142,-31.1147,-6.16623,0.176326
0.767,0.0278495,-31.1037,-6.16679,0.176084
0.768,0.0278846,-31.0927,-6.16734,0.175845
0.769,0.0279195,-31.0818,-6.16789,0.175606
0.77,0.0279543,-31.071,-6.16844,0.17537
0.771,0.0279888,-31.0603,-6.16899,0.175134
0.772,0.0280231,-31.0497,-6.16954,0.1749
0.773,0.0280572,-31.0391,-6.17009,0.174668
0.774,0.0280911,-31.0286,-6.17064,0.174437
0.775,0.0281249,-31.0182,-6.17119,0.174207
0.776,0.0281584,-31.0078,-6.17174,0.173979
0.777,0.0281917,-30.9976,-6.17228,0.173753
0.778,0.0282248,-30.9874,-6.17283,0.173528
0.779,0.0282578,-30.9772,-6.17338,0.173304
0.78,0.0282905,-30.9672,-6.17392,0.173081
0.781,0.0283231,-30.9572,-6.17446,0.17286
0.782,0.0283554,-30.9473,-6.17501,0.172641
0.783,0.0283876,-30.9374,-6.17555,0.172423
0.784,0.0284196,-30.9277,-6.17609,0.172206
0.785,0.0284513,-30.9179,-6.17663,0.171991
0.786,0.0284829,-30.9083,-6.17717,0.171777
0.787,0.0285143,-30.8987,-6.17771,0.171564
0.788,0.0285455,-30.8892,-6.17825,0.171353
0.789,0.0285766,-30.8798,-6.17879,0.171143
0.79,0.0286074,-30.8704,-6.17933,0.170934
0.791,0.0286381,-30.8611,-6.17986,0.170727
0.792,0.0286685,-30.8519,-6.1804,0.170521
0.793,0.0286988,-30.8427,-6.18094,0.170317
0.794,0.0287289,-30.8336,-6.18147,0.170114
0.795,0.0287588,-30.8246,-6.182,0.169912
0.796,0.0287885,-30.8156,-6.18254,0.169711
0.797,0.028818,-30.8067,-6.18307,0.169512
0.798,0.0288474,-30.7979,-6.1836,0.169314
0.799,0.0288766,-30.7891,-6.18414,0.169117
0.8,0.0289056,-30.7804,-6.18467,0.168922
0.801,0.0289344,-30.7717,-6.1852,0.168728
0.802,0.028963,-30.7631,-6.18573,0.168535
0.803,0.0289915,-30.7546,-6.18626,0.168344
0.804,0.0290197,-30.7461,-6.18679,0.168154
0.805,0.0290478,-30.7377,-6.18731,0.167965
0.806,0.0290758,-30.7294,-6.18784,0.167777
0.807,0.0291035,-30.7211,-6.18837,0.167591
0.808,0.0291311,-30.7129,-6.1889,0.167406
0.809,0.0291584,-30.7047,-6.18942,0.167222
0.81,0.0291857,-30.6966,-6.18995,0.167039
0.811,0.0292127,-30.6886,-6.19047,0.166858
0.812,0.0292396,-30.6806,-6.191,0.166677
0.813,0.0292662,-30.6727,-6.19152,0.166499
0.814,0.0292928,-30.6648,-6.19204,0.166321
0.815,0.0293191,-30.657,-6.19257,0.166144
0.816,0.0293453,-30.6492,-6.19309,0.165969
0.817,0.0293713,-30.6415,-6.19361,0.165795
0.818,0.0293971,-30.6339,-6.19413,0.165622
0.819,0.0294227,-30.6263,-6.19465,0.16545
0.82,0.0294482,-30.6188,-6.19517,0.16528
0.821,0.0294735,-30.6114,-6.19569,0.165111
0.822,0.0294987,-30.6039,-6.19621,0.164943
0.823,0.0295237,-30.5966,-6.19673,0.164776
0.824,0.0295485,-30.5893,-6.19724,0.16461
0.825,0.0295731,-30.5821,-6.19776,0.164445
0.826,0.0295976,-30.5749,-6.19828,0.164282
0.827,0.0296219,-30.5677,-6.19879,0.16412
0.828,0.029646,-30.5607,-6.19931,0.163959
0.829,0.02967,-30.5536,-6.19982,0.163799
0.83,0.0296938,-30.5467,-6.20034,0.16364
0.831,0.0297175,-30.5398,-6.20085,0.163483
0.832,0.0297409,-30.5329,-6.20137,0.163326
0.833,0.0297643,-30.5261,-6.20188,0.163171
0.834,0.0297874,-30.5193,-6.20239,0.163017
0.835,0.0298104,-30.5126,-6.2029,0.162864
0.836,0.0298332,-30.506,-6.20342,0.162712
0.837,0.0298559,-30.4994,-6.20393,0.162561
0.838,0.0298784,-30.4929,-6.20444,0.162411
0.839,0.0299007,-30.4864,-6.20495,0.162263
0.84,0.0299229,-30.4799,-6.20546,0.162115
0.841,0.029945,-30.4735,-6.20597,0.161969
0.842,0.0299668,-30.4672,-6.20648,0.161824
0.843,0.0299885,-30.4609,-6.20698,0.161679
0.844,0.0300101,-30.4547,-6.20749,0.161536
0.845,0.0300315,-30.4485,-6.208,0.161394
0.846,0.0300527,-30.4423,-6.20851,0.161254
0.847,0.0300738,-30.4362,-6.20901,0.161114
0.848,0.0300947,-30.4302,-6.20952,0.160975
0.849,0.0301154,-30.4242,-6.21003,0.160837
0.85,0.030136,-30.4183,-6.21053,0.160701
0.851,0.0301565,-30.4124,-6.21104,0.160565
0.852,0.0301768,-30.4065,-6.21154,0.160431
0.853,0.0301969,-30.4008,-6.21204,0.160298
0.854,0.0302169,-30.395,-6.21255,0.160165
0.855,0.0302367,-30.3893,-6.21305,0.160034
0.856,0.0302564,-30.3837,-6.21355,0.159904
0.857,0.0302759,-30.3781,-6.21406,0.159775
0.858,0.0302952,-30.3725,-6.21456,0.159647
0.859,0.0303145,-30.367,-6.21506,0.15952
0.86,0.0303335,-30.3615,-6.21556,0.159394
0.861,0.0303524,-30.3561,-6.21606,0.159269
0.862,0.0303712,-30.3508,-6.21656,0.159145
0.863,0.0303898,-30.3454,-6.21706,0.159022
0.864,0.0304082,-30.3402,-6.21756,0.1589
0.865,0.0304265,-30.3349,-6.21806,0.158779
0.866,0.0304447,-30.3298,-6.21856,0.15866
0.867,0.0304627,-30.3246,-6.21906,0.158541
0.868,0.0304805,-30.3195,-6.21956,0.158423
0.869,0.0304982,-30.3145,-6.22005,0.158306
0.87,0.0305158,-30.3095,-6.22055,0.158191
0.871,0.0305332,-30.3046,-6.22105,0.158076
0.872,0.0305505,-30.2996,-6.22154,0.157962
0.873,0.0305676,-30.2948,-6.22204,0.157849
0.874,0.0305845,-30.29,-6.22254,0.157738
0.875,0.0306013,-30.2852,-6.22303,0.157627
0.876,0.030618,-30.2805,-6.22353,0.157517
0.877,0.0306345,-30.2758,-6.22402,0.157408
0.878,0.0306509,-30.2711,-6.22452,0.157301
0.879,0.0306671,-30.2665,-6.22501,0.157194
0.88,0.0306832,-30.262,-6.2255,0.157088
0.881,0.0306992,-30.2575,-6.226,0.156983
0.882,0.030715,-30.253,-6.22649,0.156879
0.883,0.0307306,-30.2486,-6.22698,0.156777
0.884,0.0307461,-30.2442,-6.22748,0.156675
0.885,0.0307615,-30.2399,-6.22797,0.156574
0.886,0.0307767,-30.2356,-6.22846,0.156474
0.887,0.0307918,-30.2313,-6.22895,0.156375
0.888,0.0308067,-30.2271,-6.22944,0.156277
0.889,0.0308215,-30.2229,-6.22993,0.15618
0.89,0.0308361,-30.2188,-6.23043,0.156084
0.891,0.0308506,-30.2147,-6.23092,0.155989
0.892,0.030865,-30.2107,-6.23141,0.155894
0.893,0.0308792,-30.2067,-6.2319,0.155801
0.894,0.0308933,-30.2027,-6.23238,0.155709
0.895,0.0309072,-30.1988,-6.23287,0.155617
0.896,0.030921,-30.1949,-6.23336,0.155527
0.897,0.0309346,-30.1911,-6.23385,0.155438
0.898,0.0309482,-30.1873,-6.23434,0.155349
0.899,0.0309615,-30.1836,-6.23483,0.155261
0.9,0.0309748,-30.1798,-6.23532,0.155175
0.901,0.0309878,-30.1762,-6.2358,0.155089
0.902,0.0310008,-30.1725,-6.23629,0.155004
0.903,0.0310136,-30.169,-6.23678,0.15492
0.904,0.0310263,-30.1654,-6.23726,0.154837
0.905,0.0310388,-30.1619,-6.23775,0.154755
0.906,0.0310512,-30.1584,-6.23824,0.154674
0.907,0.0310635,-30.155,-6.23872,0.154594
0.908,0.0310756,-30.1516,-6.23921,0.154515
0.909,0.0310876,-30.1483,-6.23969,0.154437
0.91,0.0310994,-30.145,-6.24018,0.154359
0.911,0.0311111,-30.1417,-6.24066,0.154283
0.912,0.0311227,-30.1385,-6.24115,0.154207
0.913,0.0311341,-30.1353,-6.24163,0.154132
0.914,0.0311454,-30.1321,-6.24212,0.154059
0.915,0.0311566,-30.129,-6.2426,0.153986
0.916,0.0311676,-30.1259,-6.24308,0.153914
0.917,0.0311785,-30.1229,-6.24357,0.153843
0.918,0.0311893,-30.1199,-6.24405,0.153773
0.919,0.0311999,-30.1169,-6.24453,0.153703
0.92,0.0312104,-30.114,-6.24502,0.153635
0.921,0.0312207,-30.1111,-6.2455,0.153568
0.922,0.0312309,-30.1083,-6.24598,0.153501
0.923,0.031241,-30.1055,-6.24647,0.153435
0.924,0.0312509,-30.1027,-6.24695,0.153371
0.925,0.0312607,-30.1,-6.24743,0.153307
0.926,0.0312704,-30.0973,-6.24791,0.153244
0.927,0.0312799,-30.0947,-6.24839,0.153182
0.928,0.0312894,-30.0921,-6.24887,0.15312
0.929,0.0312986,-30.0895,-6.24935,0.15306
0.93,0.0313078,-30.087,-6.24984,0.153001
0.931,0.0313168,-30.0845,-6.25032,0.152942
0.932,0.0313256,-30.082,-6.2508,0.152884
0.933,0.0313344,-30.0796,-6.25128,0.152827
0.934,0.031343,-30.0772,-6.25176,0.152771
0.935,0.0313514,-30.0749,-6.25224,0.152716
0.936,0.0313598,-30.0725,-6.25272,0.152662
0.937,0.031368,-30.0703,-6.2532,0.152609
0.938,0.0313761,-30.068,-6.25368,0.152556
0.939,0.031384,-30.0658,-6.25415,0.152505
0.94,0.0313918,-30.0637,-6.25463,0.152454
0.941,0.0313995,-30.0616,-6.25511,0.152404
0.942,0.031407,-30.0595,-6.25559,0.152355
0.943,0.0314144,-30.0574,-6.25607,0.152307
0.944,0.0314217,-30.0554,-6.25655,0.15226
0.945,0.0314289,-30.0534,-6.25703,0.152214
0.946,0.0314359,-30.0515,-6.25751,0.152168
0.947,0.0314428,-30.0496,-6.25798,0.152123
0.948,0.0314495,-30.0477,-6.25846,0.15208
0.949,0.0314562,-30.0459,-6.25894,0.152037
0.95,0.0314627,-30.0441,-6.25942,0.151995
0.951,0.031469,-30.0423,-6.25989,0.151953
0.952,0.0314753,-30.0406,-6.26037,0.151913
0.953,0.0314814,-30.0389,-6.26085,0.151873
0.954,0.0314873,-30.0373,-6.26133,0.151835
0.955,0.0314932,-30.0357,-6.2618,0.151797
0.956,0.0314989,-30.0341,-6.26228,0.15176
0.957,0.0315045,-30.0326,-6.26276,0.151724
0.958,0.0315099,-30.031,-6.26323,0.151689
0.959,0.0315153,-30.0296,-6.26371,0.151654
0.96,0.0315205,-30.0281,-6.26419,0.151621
0.961,0.0315255,-30.0268,-6.26466,0.151588
0.962,0.0315305,-30.0254,-6.26514,0.151556
0.963,0.0315353,-30.0241,-6.26561,0.151525
0.964,0.0315399,-30.0228,-6.26609,0.151495
0.965,0.0315445,-30.0215,-6.26657,0.151466
0.966,0.0315489,-30.0203,-6.26704,0.151437
0.967,0.0315532,-30.0191,-6.26752,0.15141
0.968,0.0315574,-30.018,-6.26799,0.151383
0.969,0.0315614,-30.0169,-6.26847,0.151357
0.97,0.0315653,-30.0158,-6.26895,0.151332
0.971,0.0315691,-30.0148,-6.26942,0.151308
0.972,0.0315727,-30.0138,-6.2699,0.151284
0.973,0.0315762,-30.0128,-6.27037,0.151262
0.974,0.0315796,-30.0119,-6.27085,0.15124
0.975,0.0315829,-30.011,-6.27132,0.151219
0.976,0.031586,-30.0101,-6.2718,0.151199
0.977,0.031589,-30.0093,-6.27227,0.15118
0.978,0.0315919,-30.0085,-6.27275,0.151161
0.979,0.0315947,-30.0077,-6.27322,0.151144
0.98,0.0315973,-30.007,-6.2737,0.151127
0.981,0.0315998,-30.0063,-6.27417,0.151111
0.982,0.0316021,-30.0057,-6.27465,0.151096
0.983,0.0316044,-30.0051,-6.27512,0.151082
0.984,0.0316065,-30.0045,-6.2756,0.151069
0.985,0.0316084,-30.0039,-6.27607,0.151056
0.986,0.0316103,-30.0034,-6.27654,0.151044
0.987,0.031612,-30.003,-6.27702,0.151034
0.988,0.0316136,-30.0025,-6.27749,0.151024
0.989,0.0316151,-30.0021,-6.27797,0.151014
0.99,0.0316164,-30.0017,-6.27844,0.151006
0.991,0.0316176,-30.0014,-6.27892,0.150999
0.992,0.0316187,-30.0011,-6.27939,0.150992
0.993,0.0316197,-30.0008,-6.27987,0.150986
0.994,0.0316205,-30.0006,-6.28034,0.150981
0.995,0.0316212,-30.0004,-6.28081,0.150977
0.996,0.0316218,-30.0003,-6.28129,0.150974
0.997,0.0316222,-30.0001,-6.28176,0.150971
0.998,0.0316226,-30.0001,-6.28224,0.150969
0.999,0.0316227,-30,-6.28271,0.150969
